90.33333333333333
54.0
60.333333333333336
65.0
62.333333333333336
50.333333333333336
69.33333333333333
39.333333333333336
61.0
65.33333333333333
62.0
50.0
55.333333333333336
54.0
62.333333333333336
57.0
70.66666666666667
72.66666666666667
74.0
58.333333333333336
78.0
67.66666666666667
51.666666666666664
66.33333333333333
73.0
78.0
32.0
48.666666666666664
64.0
55.333333333333336
53.0
87.33333333333333
58.333333333333336
77.33333333333333
54.666666666666664
55.333333333333336
57.333333333333336
40.666666666666664
64.0
49.666666666666664
79.33333333333333
63.0
68.0
72.0
65.33333333333333
51.0
62.333333333333336
78.33333333333333
38.333333333333336
52.666666666666664
73.33333333333333
64.0
59.333333333333336
66.33333333333333
58.0
67.0
73.33333333333333
43.333333333333336
49.0
51.0
71.66666666666667
63.114754098360656 58.032786885245905 63.40983606557377